84
2701
1342
46
43
1513
100
11
8492
25344
2641
145
37106
2542
2554
1260
16328
844
64317
67979
174
1661
1080
16389
6761
2160
394
345
1259
6593
76
4085
5197
98
768
1400
3207
28054
1184
36034
2591
6130
33944
16119
1998
205
4300
5200
3296
2600
55
7370
77384
1232
4363
8800
74
23
408
25162
45
2148
77383
41445
1952
829
120
3206
17135
1023
1727
34901
1660
5740
1524
72679
1399
779
1497
26
19942
2852
41835
18707
24022
1533
41
42324
5657
77378
1659
996
514
2814
16
244
17199
135
219
161
